14 #节点数目和节点坐标：编号  x坐标  y坐标
1, 0.0, 0.0
2, 0.0, 0.5
3, 0.0, 1.0
4, 0.0, 1.5
5, 0.0, 2.0
6, 0.0, 2.5
7, 0.0, 3.0
8, 0.5, 0.0
9, 0.5, 0.5
10, 0.5, 1.0
11, 0.5, 1.5
12, 0.5, 2.0
13, 0.5, 2.5
14, 0.5, 3.0
1 #材料信息 ：弹性模量  泊松比
1 200000000000.0  0.3
1 # 截面信息：编号  厚度
1 0.24
12 #单元信息：单元编号 i点 j点 m点 材料号  截面号
  1,  1,  8,  2,1,1
  2,  9,  2,  8,1,1
  3,  2,  9,  3,1,1
  4, 10,  3,  9,1,1
  5,  3, 10,  4,1,1
  6, 11,  4, 10,1,1
  7,  4, 11,  5,1,1
  8, 12,  5, 11,1,1
  9,  5, 12,  6,1,1
 10, 13,  6, 12,1,1
 11,  6, 13,  7,1,1
 12, 14,  7, 13,1,1
1#荷载信息 ：节点号，x方向力，y方向力
7,10000.0,0
3#位移约束信息：节点号，约束方向，约束值
1,1,0;
1,2,0
8,2,0;